gin0_0: 0.9902687673772012
gin0_1: 0.993984266543267
gin0_2: 0.9916705229060621
gin0_3: 0.991207774178621
gin0_4: 0.9958448753462604
