gin0jk_0: 0.995366079703429
gin0jk_1: 0.995835261453031
gin0jk_2: 0.993984266543267
gin0jk_3: 0.994909763998149
gin0jk_4: 0.9963065558633426
